./18e//trim_img\0000.jpg,10:49:41
./18e//trim_img\0001.jpg,10:49:45
./18e//trim_img\0002.jpg,10:51:29
./18e//trim_img\0003.jpg,10:51:41
./18e//trim_img\0004.jpg,10:51:44
./18e//trim_img\0005.jpg,10:51:57
./18e//trim_img\0006.jpg,10:53:52
./18e//trim_img\0007.jpg,10:53:52
./18e//trim_img\0008.jpg,10:54:06
./18e//trim_img\0009.jpg,10:56:06
./18e//trim_img\0010.jpg,10:56:10
./18e//trim_img\0011.jpg,10:56:14
./18e//trim_img\0012.jpg,10:58:31
./18e//trim_img\0013.jpg,10:58:34
./18e//trim_img\0014.jpg,10:58:35
./18e//trim_img\0015.jpg,10:58:36
./18e//trim_img\0016.jpg,10:58:44
./18e//trim_img\0017.jpg,11:01:03
./18e//trim_img\0018.jpg,11:03:13
./18e//trim_img\0019.jpg,11:03:14
./18e//trim_img\0020.jpg,11:05:31
./18e//trim_img\0021.jpg,11:05:34
./18e//trim_img\0022.jpg,11:05:59
./18e//trim_img\0023.jpg,11:06:00
./18e//trim_img\0024.jpg,11:06:05
./18e//trim_img\0025.jpg,11:07:53
./18e//trim_img\0026.jpg,11:07:56
./18e//trim_img\0027.jpg,11:07:59
./18e//trim_img\0028.jpg,11:10:11
./18e//trim_img\0029.jpg,11:10:13
./18e//trim_img\0030.jpg,11:10:27
./18e//trim_img\0031.jpg,11:10:28
./18e//trim_img\0032.jpg,11:10:31
./18e//trim_img\0033.jpg,11:10:33
./18e//trim_img\0034.jpg,11:12:30
./18e//trim_img\0035.jpg,11:12:40
./18e//trim_img\0036.jpg,11:19:24
./18e//trim_img\0037.jpg,11:19:28
./18e//trim_img\0038.jpg,11:19:30
./18e//trim_img\0039.jpg,11:19:34
./18e//trim_img\0040.jpg,11:19:41
./18e//trim_img\0041.jpg,11:22:03
./18e//trim_img\0042.jpg,11:24:08
./18e//trim_img\0043.jpg,11:24:10
./18e//trim_img\0044.jpg,11:24:13
./18e//trim_img\0045.jpg,11:24:16
./18e//trim_img\0046.jpg,11:24:22
./18e//trim_img\0047.jpg,11:26:32
./18e//trim_img\0048.jpg,11:26:58
./18e//trim_img\0049.jpg,11:28:53
./18e//trim_img\0050.jpg,11:29:02
./18e//trim_img\0051.jpg,11:29:36
./18e//trim_img\0052.jpg,11:31:11
./18e//trim_img\0053.jpg,11:31:12
./18e//trim_img\0054.jpg,11:31:16
./18e//trim_img\0055.jpg,11:31:18
./18e//trim_img\0056.jpg,11:31:23
./18e//trim_img\0057.jpg,11:35:45
./18e//trim_img\0058.jpg,11:35:48
./18e//trim_img\0059.jpg,11:35:51
./18e//trim_img\0060.jpg,11:35:53
./18e//trim_img\0061.jpg,11:35:57
./18e//trim_img\0062.jpg,11:36:20
./18e//trim_img\0063.jpg,11:38:07
./18e//trim_img\0064.jpg,11:38:08
./18e//trim_img\0065.jpg,11:38:10
./18e//trim_img\0066.jpg,11:38:16
./18e//trim_img\0067.jpg,11:38:31
./18e//trim_img\0068.jpg,11:40:31
./18e//trim_img\0069.jpg,11:42:44
./18e//trim_img\0070.jpg,11:42:46
./18e//trim_img\0071.jpg,11:42:55
./18e//trim_img\0072.jpg,11:47:27
./18e//trim_img\0073.jpg,11:47:28
./18e//trim_img\0074.jpg,11:49:46
./18e//trim_img\0075.jpg,11:49:47
./18e//trim_img\0076.jpg,11:50:04
./18e//trim_img\0077.jpg,11:50:07
